,mean_swrad,year,month,day,geoid,min_snow,max_snow,range_snow,mean_snow,std_snow,sum_snow,snowlag_1,snowlag_2,snowlag_3,snowlag_4,snowlag_5,snowlag_6,snowlag_7,min_rain,max_rain,range_rain,mean_rain,std_rain,sum_rain,rainlag_1,rainlag_2,rainlag_3,rainlag_4,rainlag_5,rainlag_6,rainlag_7,min_sun,max_sun,range_sun,mean_sun,std_sun,sum_sun,sunlag_1,sunlag_2,sunlag_3,sunlag_4,sunlag_5,sunlag_6,sunlag_7,min_tempmin,max_tempmin,range_tempmin,mean_tempmin,std_tempmin,sum_tempmin,tempminlag_1,tempminlag_2,tempminlag_3,tempminlag_4,tempminlag_5,tempminlag_6,tempminlag_7,min_tempmax,max_tempmax,range_tempmax,mean_tempmax,std_tempmax,sum_tempmax,tempmaxlag_1,tempmaxlag_2,tempmaxlag_3,tempmaxlag_4,tempmaxlag_5,tempmaxlag_6,tempmaxlag_7
0,4.753254900000001,1979,9,1,1001,,,,,,,,,,,,,,,,,,,,,,,,,,,,,,,,,,,,,,,,,,,,,,,,,,,,,,,,,,,,,,,,,
1,3.9807900999999997,1979,9,2,1001,,,,,,,,,,,,,,,,,,,,,,,,,,,,,,,,,,,,,,,,,,,,,,,,,,,,,,,,,,,,,,,,,
2,3.8342004000000003,1979,9,3,1001,,,,,,,,,,,,,,,,,,,,,,,,,,,,,,,,,,,,,,,,,,,,,,,,,,,,,,,,,,,,,,,,,
3,6.3870930999999995,1979,9,4,1001,,,,,,,,,,,,,,,,,,,,,,,,,,,,,,,,,,,,,,,,,,,,,,,,,,,,,,,,,,,,,,,,,
4,4.9151955,1979,9,5,1001,,,,,,,,,,,,,,,,,,,,,,,,,,,,,,,,,,,,,,,,,,,,,,,,,,,,,,,,,,,,,,,,,
5,4.740449900000001,1979,9,6,1001,,,,,,,,,,,,,,,,,,,,,,,,,,,,,,,,,,,,,,,,,,,,,,,,,,,,,,,,,,,,,,,,,
6,6.694024099999999,1979,9,7,1001,,,,,,,,,,,,,,,,,,,,,,,,,,,,,,,,,,,,,,,,,,,,,,,,,,,,,,,,,,,,,,,,,
7,6.8553934000000005,1979,9,8,1001,,,,,,,,,,,,,,,,,,,,,,,,,,,,,,,,,,,,,,,,,,,,,,,,,,,,,,,,,,,,,,,,,
8,6.4608078,1979,9,9,1001,,,,,,,,,,,,,,,,,,,,,,,,,,,,,,,,,,,,,,,,,,,,,,,,,,,,,,,,,,,,,,,,,
9,6.716570900000001,1979,9,10,1001,,,,,,,,,,,,,,,,,,,,,,,,,,,,,,,,,,,,,,,,,,,,,,,,,,,,,,,,,,,,,,,,,
10,6.718245,1979,9,11,1001,,,,,,,,,,,,,,,,,,,,,,,,,,,,,,,,,,,,,,,,,,,,,,,,,,,,,,,,,,,,,,,,,
11,2.8331758999999996,1979,9,12,1001,,,,,,,,,,,,,,,,,,,,,,,,,,,,,,,,,,,,,,,,,,,,,,,,,,,,,,,,,,,,,,,,,
12,3.6303398999999996,1979,9,13,1001,,,,,,,,,,,,,,,,,,,,,,,,,,,,,,,,,,,,,,,,,,,,,,,,,,,,,,,,,,,,,,,,,
13,6.026266099999999,1979,9,14,1001,,,,,,,,,,,,,,,,,,,,,,,,,,,,,,,,,,,,,,,,,,,,,,,,,,,,,,,,,,,,,,,,,
14,6.562830900000001,1979,9,15,1001,,,,,,,,,,,,,,,,,,,,,,,,,,,,,,,,,,,,,,,,,,,,,,,,,,,,,,,,,,,,,,,,,
15,3.3047659,1979,9,16,1001,,,,,,,,,,,,,,,,,,,,,,,,,,,,,,,,,,,,,,,,,,,,,,,,,,,,,,,,,,,,,,,,,
16,1.1521121,1979,9,17,1001,,,,,,,,,,,,,,,,,,,,,,,,,,,,,,,,,,,,,,,,,,,,,,,,,,,,,,,,,,,,,,,,,
17,4.1692162,1979,9,18,1001,,,,,,,,,,,,,,,,,,,,,,,,,,,,,,,,,,,,,,,,,,,,,,,,,,,,,,,,,,,,,,,,,
18,3.4966428,1979,9,19,1001,,,,,,,,,,,,,,,,,,,,,,,,,,,,,,,,,,,,,,,,,,,,,,,,,,,,,,,,,,,,,,,,,
19,3.6305652000000004,1979,9,20,1001,,,,,,,,,,,,,,,,,,,,,,,,,,,,,,,,,,,,,,,,,,,,,,,,,,,,,,,,,,,,,,,,,
20,4.0490785,1979,9,21,1001,,,,,,,,,,,,,,,,,,,,,,,,,,,,,,,,,,,,,,,,,,,,,,,,,,,,,,,,,,,,,,,,,
21,5.8031592000000005,1979,9,22,1001,,,,,,,,,,,,,,,,,,,,,,,,,,,,,,,,,,,,,,,,,,,,,,,,,,,,,,,,,,,,,,,,,
22,5.946238,1979,9,23,1001,,,,,,,,,,,,,,,,,,,,,,,,,,,,,,,,,,,,,,,,,,,,,,,,,,,,,,,,,,,,,,,,,
23,4.7828474000000005,1979,9,24,1001,,,,,,,,,,,,,,,,,,,,,,,,,,,,,,,,,,,,,,,,,,,,,,,,,,,,,,,,,,,,,,,,,
24,4.2719431,1979,9,25,1001,,,,,,,,,,,,,,,,,,,,,,,,,,,,,,,,,,,,,,,,,,,,,,,,,,,,,,,,,,,,,,,,,
25,2.9618242,1979,9,26,1001,,,,,,,,,,,,,,,,,,,,,,,,,,,,,,,,,,,,,,,,,,,,,,,,,,,,,,,,,,,,,,,,,
26,3.0917263,1979,9,27,1001,,,,,,,,,,,,,,,,,,,,,,,,,,,,,,,,,,,,,,,,,,,,,,,,,,,,,,,,,,,,,,,,,
27,4.3845711,1979,9,28,1001,,,,,,,,,,,,,,,,,,,,,,,,,,,,,,,,,,,,,,,,,,,,,,,,,,,,,,,,,,,,,,,,,
28,5.901479699999999,1979,9,29,1001,,,,,,,,,,,,,,,,,,,,,,,,,,,,,,,,,,,,,,,,,,,,,,,,,,,,,,,,,,,,,,,,,
29,5.654086599999999,1979,9,30,1001,,,,,,,,,,,,,,,,,,,,,,,,,,,,,,,,,,,,,,,,,,,,,,,,,,,,,,,,,,,,,,,,,
30,5.8068599999999995,1979,10,1,1001,0.0,0.0,0.0,0.0,0.0,0.0,,,,,,,,0.0,0.0016692226000000001,0.0016692226000000001,5.3273063e-05,0.00029340517,0.080122687,,,,,,,,24.697226999999998,26.861849,2.1646214,25.745453,0.46200943,38360.727,,,,,,,,58.291977,62.093128,35.801151000000004,59.777924,32.88773,41809.996,,,,,,,,84.056679,84.596352,32.539669,84.401344,32.122692,78843.617,,,,,,,
31,5.8024468,1979,10,2,1001,0.0,0.0,0.0,0.0,0.0,0.0,0.0,,,,,,,0.0,0.0,0.0,0.0,0.0,0.0,5.3273063e-05,,,,,,,18.307798000000002,20.668974,2.3611755000000003,18.98144,0.33042273,28282.346,25.745453,,,,,,,56.603046,64.203804,39.600753999999995,58.468894999999996,33.362770000000005,39841.219,59.777924,,,,,,,80.716309,83.907455,35.191143,82.36563100000001,32.407565999999996,75781.906,84.401344,,,,,,
32,5.8373041,1979,10,3,1001,0.0,0.0,0.0,0.0,0.0,0.0,0.0,0.0,,,,,,0.0,0.019956579,0.019956579,0.0026865173,0.0059822797999999995,4.0405216,0.0,5.3273063e-05,,,,,,19.068138,20.508881,1.4407425,19.901474,0.3218635,29653.197,18.98144,25.745453,,,,,,45.953873,50.862915,36.909042,47.500587,32.849567,23344.885,58.468894999999996,59.777924,,,,,,78.843506,81.212875,34.369366,79.631958,32.554478,71670.461,82.36563100000001,84.401344,,,,,
33,3.5739242999999994,1979,10,4,1001,0.0,0.0,0.0,0.0,0.0,0.0,0.0,0.0,0.0,,,,,0.0,0.088506103,0.088506103,0.017670702,0.019925371,26.576738,0.0026865173,0.0,5.3273063e-05,,,,,83.296471,89.996086,6.6996155,86.149277,1.7926683,128362.43,19.901474,18.98144,25.745453,,,,,46.079890999999996,58.601002,44.521111,50.165779,33.743919,27353.33,47.500587,58.468894999999996,59.777924,,,,,74.808044,77.837868,35.029823,76.39791899999999,32.639332,66806.469,79.631958,82.36563100000001,84.401344,,,,
34,5.8675585,1979,10,5,1001,0.0,0.0,0.0,0.0,0.0,0.0,0.0,0.0,0.0,0.0,,,,0.19551633,0.5915724,0.39605609,0.36499974,0.10281374,548.95966,0.017670702,0.0026865173,0.0,5.3273063e-05,,,,13.137929999999999,16.085655,2.9477252999999997,13.800704000000001,0.53247172,20563.049,86.149277,19.901474,18.98144,25.745453,,,,40.140465,44.817799,36.677334,42.687263,32.600224,16105.646,50.165779,47.500587,58.468894999999996,59.777924,,,,73.453239,75.428093,33.974846,74.370712,32.480705,63757.551,76.39791899999999,79.631958,82.36563100000001,84.401344,,,
35,5.703628500000001,1979,10,6,1001,0.0,0.0,0.0,0.0,0.0,0.0,0.0,0.0,0.0,0.0,0.0,,,0.0,0.0,0.0,0.0,0.0,0.0,0.36499974,0.017670702,0.0026865173,0.0,5.3273063e-05,,,38.281544,41.112434,2.8308907000000003,39.460735,0.33784696,58796.496,13.800704000000001,86.149277,19.901474,18.98144,25.745453,,,39.36356,43.019283,35.655724,41.366737,32.479858,14119.573,42.687263,50.165779,47.500587,58.468894999999996,59.777924,,,74.54435699999999,79.615189,37.070834999999995,76.524445,33.022125,66996.766,74.370712,76.39791899999999,79.631958,82.36563100000001,84.401344,,
36,5.7351055,1979,10,7,1001,0.0,0.0,0.0,0.0,0.0,0.0,0.0,0.0,0.0,0.0,0.0,0.0,,0.0,0.0,0.0,0.0,0.0,0.0,0.0,0.36499974,0.017670702,0.0026865173,0.0,5.3273063e-05,,11.757503999999999,14.098981,2.3414773999999996,12.617522,0.31689566,18800.107,39.460735,13.800704000000001,86.149277,19.901474,18.98144,25.745453,,42.267136,47.943638,37.676502,44.914654,32.923286,19455.641,41.366737,42.687263,50.165779,47.500587,58.468894999999996,59.777924,,78.043297,80.78981,34.74651,79.335625,32.658669,71224.781,76.524445,74.370712,76.39791899999999,79.631958,82.36563100000001,84.401344,
37,5.5527048,1979,10,8,1001,0.0,0.0,0.0,0.0,0.0,0.0,0.0,0.0,0.0,0.0,0.0,0.0,0.0,0.0,0.0,0.0,0.0,0.0,0.0,0.0,0.0,0.36499974,0.017670702,0.0026865173,0.0,5.3273063e-05,12.964834,18.352058,5.3872241999999995,14.554604999999999,1.0145903,21686.362999999998,12.617522,39.460735,13.800704000000001,86.149277,19.901474,18.98144,25.745453,46.523125,50.503448,35.980323999999996,48.205563,32.723206,24405.167999999998,44.914654,41.366737,42.687263,50.165779,47.500587,58.468894999999996,59.777924,81.299622,83.875969,34.576347,82.491524,32.649059,75971.25,79.335625,76.524445,74.370712,76.39791899999999,79.631958,82.36563100000001,84.401344
38,5.425395,1979,10,9,1001,0.0,0.0,0.0,0.0,0.0,0.0,0.0,0.0,0.0,0.0,0.0,0.0,0.0,0.0,0.0082013542,0.0082013542,0.0001795592,0.0011443043,0.27005705,0.0,0.0,0.0,0.36499974,0.017670702,0.0026865173,0.0,42.603065,54.239464,11.636398,45.774158,2.2295115,68203.492,14.554604999999999,12.617522,39.460735,13.800704000000001,86.149277,19.901474,18.98144,47.833717,53.752056,37.918339,50.493195,32.77272,27845.764,48.205563,44.914654,41.366737,42.687263,50.165779,47.500587,58.468894999999996,82.834282,86.047935,35.213654,83.613197,32.628212,77658.25,82.491524,79.335625,76.524445,74.370712,76.39791899999999,79.631958,82.36563100000001
39,5.1938014,1979,10,10,1001,0.0,0.0,0.0,0.0,0.0,0.0,0.0,0.0,0.0,0.0,0.0,0.0,0.0,0.0102202,0.16775662,0.15753642,0.063079521,0.035500839,94.871597,0.0001795592,0.0,0.0,0.0,0.36499974,0.017670702,0.0026865173,57.805781999999994,61.072247,3.2664642,59.261486,0.76136136,88299.617,45.774158,14.554604999999999,12.617522,39.460735,13.800704000000001,86.149277,19.901474,45.791714,49.642456,35.850742,46.919998,32.745224,22471.678,50.493195,48.205563,44.914654,41.366737,42.687263,50.165779,47.500587,73.335243,78.930367,37.595123,76.538605,32.916393,67018.063,83.613197,82.491524,79.335625,76.524445,74.370712,76.39791899999999,79.631958
40,5.3714786,1979,10,11,1001,0.0,0.0,0.0,0.0,0.0,0.0,0.0,0.0,0.0,0.0,0.0,0.0,0.0,0.00070787378,0.015679453,0.014971578000000001,0.0025490785,0.0018217488,3.8338138999999996,0.063079521,0.0001795592,0.0,0.0,0.0,0.36499974,0.017670702,18.175217,26.418535,8.2433186,21.364759,1.7369103,31833.492000000002,59.261486,45.774158,14.554604999999999,12.617522,39.460735,13.800704000000001,86.149277,38.869392,41.784988,34.915596,39.81028,32.513141999999995,11778.661,46.919998,50.493195,48.205563,44.914654,41.366737,42.687263,50.165779,67.317123,71.66268199999999,36.345558000000004,69.168091,32.932983,55932.812999999995,76.538605,83.613197,82.491524,79.335625,76.524445,74.370712,76.39791899999999
41,5.372378299999999,1979,10,12,1001,0.0,0.0,0.0,0.0,0.0,0.0,0.0,0.0,0.0,0.0,0.0,0.0,0.0,0.0,0.0,0.0,0.0,0.0,0.0,0.0025490785,0.063079521,0.0001795592,0.0,0.0,0.0,0.36499974,12.539956,15.856157000000001,3.3162012,13.228539999999999,0.42094204,19710.525,21.364759,59.261486,45.774158,14.554604999999999,12.617522,39.460735,13.800704000000001,43.932232,46.746959999999994,34.814728,44.837727,32.586037,19339.939,39.81028,46.919998,50.493195,48.205563,44.914654,41.366737,42.687263,75.83201600000001,81.112183,37.28017,77.80680799999999,33.028191,68925.445,69.168091,76.538605,83.613197,82.491524,79.335625,76.524445,74.370712
42,4.3760699999999995,1979,10,13,1001,0.0,0.0,0.0,0.0,0.0,0.0,0.0,0.0,0.0,0.0,0.0,0.0,0.0,0.0,0.0084307659,0.0084307659,0.00036019293,0.0017049819,0.53956902,0.0,0.0025490785,0.063079521,0.0001795592,0.0,0.0,0.0,50.936058,61.346348,10.41029,56.724636,2.4115438,84519.711,13.228539999999999,21.364759,59.261486,45.774158,14.554604999999999,12.617522,39.460735,46.426235,49.943954,35.517719,47.656284,32.732677,23579.051,44.837727,39.81028,46.919998,50.493195,48.205563,44.914654,41.366737,76.42070799999999,79.828812,35.408103999999994,78.78772,32.642441,70400.734,77.80680799999999,69.168091,76.538605,83.613197,82.491524,79.335625,76.524445
43,5.5162177,1979,10,14,1001,0.0,0.0,0.0,0.0,0.0,0.0,0.0,0.0,0.0,0.0,0.0,0.0,0.0,0.0,0.0,0.0,0.0,0.0,0.0,0.00036019293,0.0,0.0025490785,0.063079521,0.0001795592,0.0,0.0,12.100133,14.391294,2.2911615000000003,12.935622,0.33630008,19274.076,56.724636,13.228539999999999,21.364759,59.261486,45.774158,14.554604999999999,12.617522,38.129397999999995,41.058384000000004,34.928986,39.275271999999994,32.751511,10974.007,47.656284,44.837727,39.81028,46.919998,50.493195,48.205563,44.914654,71.390266,74.85656,35.46629,73.64585100000001,32.777489,62667.359000000004,78.78772,77.80680799999999,69.168091,76.538605,83.613197,82.491524,79.335625
44,5.3816805,1979,10,15,1001,0.0,0.0,0.0,0.0,0.0,0.0,0.0,0.0,0.0,0.0,0.0,0.0,0.0,0.0,0.0,0.0,0.0,0.0,0.0,0.0,0.00036019293,0.0,0.0025490785,0.063079521,0.0001795592,0.0,18.488173,20.806957,2.3187847,19.094398,0.43530184,28450.652000000002,12.935622,56.724636,13.228539999999999,21.364759,59.261486,45.774158,14.554604999999999,35.797401,40.637409000000005,36.840008000000005,37.35627,32.924065,8087.8306,39.275271999999994,47.656284,44.837727,39.81028,46.919998,50.493195,48.205563,70.771484,73.589691,34.818211,71.491219,32.506683,59426.793,73.64585100000001,78.78772,77.80680799999999,69.168091,76.538605,83.613197,82.491524
45,5.0600057000000005,1979,10,16,1001,0.0,0.0,0.0,0.0,0.0,0.0,0.0,0.0,0.0,0.0,0.0,0.0,0.0,0.0,0.0,0.0,0.0,0.0,0.0,0.0,0.0,0.00036019293,0.0,0.0025490785,0.063079521,0.0001795592,50.572449,58.24691800000001,7.674469,55.638638,1.5812737,82901.57,19.094398,12.935622,56.724636,13.228539999999999,21.364759,59.261486,45.774158,41.034434999999995,46.906784,37.872345,43.551086,33.292713,17404.836,37.35627,39.275271999999994,47.656284,44.837727,39.81028,46.919998,50.493195,73.549995,78.601151,37.051159000000006,75.672318,32.662537,65715.156,71.491219,73.64585100000001,78.78772,77.80680799999999,69.168091,76.538605,83.613197
46,4.8577752,1979,10,17,1001,0.0,0.0,0.0,0.0,0.0,0.0,0.0,0.0,0.0,0.0,0.0,0.0,0.0,0.0,0.0,0.0,0.0,0.0,0.0,0.0,0.0,0.0,0.00036019293,0.0,0.0025490785,0.063079521,23.110433999999998,33.724033,10.6136,27.091672999999997,2.2664342,40366.59,55.638638,19.094398,12.935622,56.724636,13.228539999999999,21.364759,59.261486,48.882659999999994,53.548481,36.665821,51.219184999999996,33.140087,28937.654,43.551086,37.35627,39.275271999999994,47.656284,44.837727,39.81028,46.919998,76.741608,81.242287,36.500679,78.96893299999999,32.592017999999996,70673.289,75.672318,71.491219,73.64585100000001,78.78772,77.80680799999999,69.168091,76.538605
47,4.999812599999999,1979,10,18,1001,0.0,0.0,0.0,0.0,0.0,0.0,0.0,0.0,0.0,0.0,0.0,0.0,0.0,0.0,0.0,0.0,0.0,0.0,0.0,0.0,0.0,0.0,0.0,0.00036019293,0.0,0.0025490785,26.398569000000002,32.789691999999995,6.3911228,29.030442999999998,1.3720701000000002,43255.359000000004,27.091672999999997,55.638638,19.094398,12.935622,56.724636,13.228539999999999,21.364759,51.096863,55.602341,36.505478000000004,53.336056000000006,33.137733000000004,32121.43,51.219184999999996,43.551086,37.35627,39.275271999999994,47.656284,44.837727,39.81028,80.371071,82.926514,34.555443,81.13298,32.412655,73928.0,78.96893299999999,75.672318,71.491219,73.64585100000001,78.78772,77.80680799999999,69.168091
48,4.9253516,1979,10,19,1001,0.0,0.0,0.0,0.0,0.0,0.0,0.0,0.0,0.0,0.0,0.0,0.0,0.0,0.0,0.0,0.0,0.0,0.0,0.0,0.0,0.0,0.0,0.0,0.0,0.00036019293,0.0,31.418995000000002,33.448615999999994,2.0296211,32.321667,0.44660076,48159.280999999995,29.030442999999998,27.091672999999997,55.638638,19.094398,12.935622,56.724636,13.228539999999999,51.572575,56.290237,36.717663,53.451954,32.805733000000004,32295.736,53.336056000000006,51.219184999999996,43.551086,37.35627,39.275271999999994,47.656284,44.837727,81.879227,83.90933199999999,34.030109,82.31694,32.360771,75708.688,81.13298,78.96893299999999,75.672318,71.491219,73.64585100000001,78.78772,77.80680799999999
49,5.0093322,1979,10,20,1001,0.0,0.0,0.0,0.0,0.0,0.0,0.0,0.0,0.0,0.0,0.0,0.0,0.0,0.0,0.0,0.0,0.0,0.0,0.0,0.0,0.0,0.0,0.0,0.0,0.0,0.00036019293,39.408671999999996,40.846641999999996,1.4379692,40.147971999999996,0.39169702,59820.477,32.321667,29.030442999999998,27.091672999999997,55.638638,19.094398,12.935622,56.724636,53.902504,57.132324,35.229820000000004,55.29713100000001,32.772148,35070.883,53.451954,53.336056000000006,51.219184999999996,43.551086,37.35627,39.275271999999994,47.656284,82.290253,85.59761,35.307358,83.408592,32.586052,77350.523,82.31694,81.13298,78.96893299999999,75.672318,71.491219,73.64585100000001,78.78772
